LINE: 0 0 10 10 Area: 14.142136
RECT: 6836225 0 0 0 Area: 0.000000
CIRCLE: 6836336 0 1342177377 Area: 5659224281314230300.000000
