LINE: 0 0 10 10 Area: 14.142136
RECT: 10 10 20 20 Area: 400.000000
CIRCLE: 20 20 40 Area: 5026.399902
