LINE: 4199744 0 8 0 Area: -1.#IND00
RECT: 6948696 0 1245371654 32761 Area: 1726412032.000000
CIRCLE: 8500656 0 268501009 Area: 226371370936696830.000000
